30	31	32	117
33	34	35	118
36	37	38	119
33	39	40	41	120
33	42	43	44	121
45	46	47	122
48	49	50	123
51	52	53	124
54	55	56	125
57	58	59	126
60	61	62	127
63	64	65	128
66	67	68	129
69	70	71
72	73	74
75	76	74	77
78	79	80
78	79	80	81	82	83
84	85	86
87	88	89
90	91	92

93	94	95
96	97	98
99	100	101
102	103	104
105	106	107
108	109	110
111	112	113
114	115	116




































































































